1.998000000000000043e+01
1.994000000000000128e+01
1.990000000000000213e+01
1.986000000000000298e+01
1.982000000000000384e+01
1.977999999999999758e+01
1.973999999999999844e+01
1.969999999999999929e+01
1.966000000000000014e+01
1.962000000000000099e+01
1.958000000000000185e+01
1.954000000000000270e+01
1.950000000000000355e+01
1.945999999999999730e+01
1.941999999999999815e+01
1.937999999999999901e+01
1.933999999999999986e+01
1.930000000000000071e+01
1.926000000000000156e+01
1.922000000000000242e+01
1.918000000000000327e+01
1.913999999999999702e+01
1.909999999999999787e+01
1.905999999999999872e+01
1.901999999999999957e+01
1.898000000000000043e+01
1.894000000000000128e+01
1.890000000000000213e+01
1.886000000000000298e+01
1.882000000000000384e+01
1.877999999999999758e+01
1.873999999999999844e+01
1.869999999999999929e+01
1.866000000000000014e+01
1.862000000000000099e+01
1.858000000000000185e+01
1.854000000000000270e+01
1.850000000000000355e+01
1.845999999999999730e+01
1.841999999999999815e+01
1.837999999999999901e+01
1.833999999999999986e+01
1.830000000000000071e+01
1.826000000000000156e+01
1.822000000000000242e+01
1.818000000000000327e+01
1.813999999999999702e+01
1.809999999999999787e+01
1.805999999999999872e+01
1.801999999999999957e+01
1.798000000000000043e+01
1.794000000000000128e+01
1.790000000000000213e+01
1.786000000000000298e+01
1.782000000000000384e+01
1.777999999999999758e+01
1.773999999999999844e+01
1.769999999999999929e+01
1.766000000000000014e+01
1.762000000000000099e+01
1.758000000000000185e+01
1.754000000000000270e+01
1.750000000000000355e+01
1.745999999999999730e+01
1.741999999999999815e+01
1.737999999999999901e+01
1.733999999999999986e+01
1.730000000000000071e+01
1.726000000000000156e+01
1.722000000000000242e+01
1.718000000000000327e+01
1.713999999999999702e+01
1.709999999999999787e+01
1.705999999999999872e+01
1.701999999999999957e+01
1.698000000000000043e+01
1.694000000000000128e+01
1.690000000000000213e+01
1.686000000000000298e+01
1.682000000000000384e+01
1.677999999999999758e+01
1.673999999999999844e+01
1.669999999999999929e+01
1.666000000000000014e+01
1.662000000000000099e+01
1.658000000000000185e+01
1.654000000000000270e+01
1.650000000000000355e+01
1.645999999999999730e+01
1.641999999999999815e+01
1.637999999999999901e+01
1.633999999999999986e+01
1.630000000000000071e+01
1.626000000000000156e+01
1.622000000000000242e+01
1.618000000000000327e+01
1.613999999999999702e+01
1.609999999999999787e+01
1.605999999999999872e+01
1.601999999999999957e+01
1.598000000000000043e+01
1.594000000000000128e+01
1.590000000000000213e+01
1.586000000000000298e+01
1.582000000000000384e+01
1.577999999999999758e+01
1.573999999999999844e+01
1.569999999999999929e+01
1.566000000000000014e+01
1.562000000000000099e+01
1.558000000000000185e+01
1.554000000000000270e+01
1.550000000000000355e+01
1.545999999999999730e+01
1.541999999999999815e+01
1.537999999999999901e+01
1.533999999999999986e+01
1.530000000000000071e+01
1.526000000000000156e+01
1.522000000000000242e+01
1.518000000000000327e+01
1.513999999999999702e+01
1.509999999999999787e+01
1.505999999999999872e+01
1.501999999999999957e+01
1.498000000000000043e+01
1.494000000000000128e+01
1.490000000000000213e+01
1.486000000000000298e+01
1.482000000000000384e+01
1.477999999999999758e+01
1.473999999999999844e+01
1.469999999999999929e+01
1.466000000000000014e+01
1.462000000000000099e+01
1.458000000000000185e+01
1.454000000000000270e+01
1.450000000000000355e+01
1.445999999999999730e+01
1.441999999999999815e+01
1.437999999999999901e+01
1.433999999999999986e+01
1.430000000000000071e+01
1.426000000000000156e+01
1.422000000000000242e+01
1.418000000000000327e+01
1.413999999999999702e+01
1.409999999999999787e+01
1.405999999999999872e+01
1.401999999999999957e+01
1.398000000000000043e+01
1.394000000000000128e+01
1.390000000000000213e+01
1.386000000000000298e+01
1.381999999999999673e+01
1.377999999999999758e+01
1.373999999999999844e+01
1.369999999999999929e+01
1.366000000000000014e+01
1.362000000000000099e+01
1.358000000000000185e+01
1.354000000000000270e+01
1.350000000000000355e+01
1.345999999999999730e+01
1.341999999999999815e+01
1.337999999999999901e+01
1.333999999999999986e+01
1.330000000000000071e+01
1.326000000000000156e+01
1.322000000000000242e+01
1.318000000000000327e+01
1.313999999999999702e+01
1.309999999999999787e+01
1.305999999999999872e+01
1.301999999999999957e+01
1.298000000000000043e+01
1.294000000000000128e+01
1.290000000000000213e+01
1.286000000000000298e+01
1.281999999999999673e+01
1.277999999999999758e+01
1.273999999999999844e+01
1.269999999999999929e+01
1.266000000000000014e+01
1.262000000000000099e+01
1.258000000000000185e+01
1.254000000000000270e+01
1.250000000000000355e+01
1.245999999999999730e+01
1.241999999999999815e+01
1.237999999999999901e+01
1.233999999999999986e+01
1.230000000000000071e+01
1.226000000000000156e+01
1.222000000000000242e+01
1.218000000000000327e+01
1.213999999999999702e+01
1.209999999999999787e+01
1.205999999999999872e+01
1.201999999999999957e+01
1.198000000000000043e+01
1.194000000000000128e+01
1.189999999999999858e+01
1.185999999999999943e+01
1.182000000000000028e+01
1.178000000000000114e+01
1.174000000000000199e+01
1.169999999999999929e+01
1.166000000000000014e+01
1.162000000000000099e+01
1.158000000000000185e+01
1.153999999999999915e+01
1.150000000000000000e+01
1.146000000000000085e+01
1.142000000000000171e+01
1.137999999999999901e+01
1.133999999999999986e+01
1.130000000000000071e+01
1.126000000000000156e+01
1.121999999999999886e+01
1.117999999999999972e+01
1.114000000000000057e+01
1.110000000000000142e+01
1.105999999999999872e+01
1.101999999999999957e+01
1.098000000000000043e+01
1.094000000000000128e+01
1.089999999999999858e+01
1.085999999999999943e+01
1.082000000000000028e+01
1.078000000000000114e+01
1.073999999999999844e+01
1.069999999999999929e+01
1.066000000000000014e+01
1.062000000000000099e+01
1.058000000000000185e+01
1.053999999999999915e+01
1.050000000000000000e+01
1.046000000000000085e+01
1.042000000000000171e+01
1.037999999999999901e+01
1.033999999999999986e+01
1.030000000000000071e+01
1.026000000000000156e+01
1.021999999999999886e+01
1.017999999999999972e+01
1.014000000000000057e+01
1.010000000000000142e+01
1.005999999999999872e+01
1.001999999999999957e+01
9.980000000000000426e+00
9.940000000000001279e+00
9.899999999999998579e+00
9.859999999999999432e+00
9.820000000000000284e+00
9.780000000000001137e+00
9.739999999999998437e+00
9.699999999999999289e+00
9.660000000000000142e+00
9.620000000000000995e+00
9.580000000000001847e+00
9.539999999999999147e+00
9.500000000000000000e+00
9.460000000000000853e+00
9.420000000000001705e+00
9.379999999999999005e+00
9.339999999999999858e+00
9.300000000000000711e+00
9.260000000000001563e+00
9.219999999999998863e+00
9.179999999999999716e+00
9.140000000000000568e+00
9.100000000000001421e+00
9.059999999999998721e+00
9.019999999999999574e+00
8.980000000000000426e+00
8.940000000000001279e+00
8.899999999999998579e+00
8.859999999999999432e+00
8.820000000000000284e+00
8.780000000000001137e+00
8.739999999999998437e+00
8.699999999999999289e+00
8.660000000000000142e+00
8.620000000000000995e+00
8.580000000000001847e+00
8.539999999999999147e+00
8.500000000000000000e+00
8.460000000000000853e+00
8.420000000000001705e+00
8.379999999999999005e+00
8.339999999999999858e+00
8.300000000000000711e+00
8.260000000000001563e+00
8.219999999999998863e+00
8.179999999999999716e+00
8.140000000000000568e+00
8.100000000000001421e+00
8.059999999999998721e+00
8.019999999999999574e+00
7.980000000000000426e+00
7.940000000000001279e+00
7.899999999999998579e+00
7.859999999999999432e+00
7.820000000000000284e+00
7.780000000000001137e+00
7.739999999999998437e+00
7.699999999999999289e+00
7.660000000000000142e+00
7.620000000000000995e+00
7.580000000000001847e+00
7.539999999999999147e+00
7.500000000000000000e+00
7.460000000000000853e+00
7.420000000000001705e+00
7.379999999999999005e+00
7.339999999999999858e+00
7.300000000000000711e+00
7.260000000000001563e+00
7.219999999999998863e+00
7.179999999999999716e+00
7.140000000000000568e+00
7.100000000000001421e+00
7.059999999999998721e+00
7.019999999999999574e+00
6.980000000000000426e+00
6.940000000000001279e+00
6.899999999999998579e+00
6.859999999999999432e+00
6.820000000000000284e+00
6.780000000000001137e+00
6.739999999999998437e+00
6.699999999999999289e+00
6.660000000000000142e+00
6.620000000000000995e+00
6.580000000000001847e+00
6.539999999999999147e+00
6.500000000000000000e+00
6.460000000000000853e+00
6.420000000000001705e+00
6.379999999999999005e+00
6.339999999999999858e+00
6.300000000000000711e+00
6.260000000000001563e+00
6.219999999999998863e+00
6.179999999999999716e+00
6.140000000000000568e+00
6.100000000000001421e+00
6.059999999999998721e+00
6.019999999999999574e+00
5.980000000000000426e+00
5.940000000000001279e+00
5.899999999999998579e+00
5.859999999999999432e+00
5.820000000000000284e+00
5.780000000000001137e+00
5.739999999999998437e+00
5.699999999999999289e+00
5.660000000000000142e+00
5.620000000000000995e+00
5.580000000000001847e+00
5.539999999999999147e+00
5.500000000000000000e+00
5.460000000000000853e+00
5.420000000000001705e+00
5.379999999999999005e+00
5.339999999999999858e+00
5.300000000000000711e+00
5.260000000000001563e+00
5.219999999999998863e+00
5.179999999999999716e+00
5.140000000000000568e+00
5.100000000000001421e+00
5.059999999999998721e+00
5.019999999999999574e+00
4.980000000000000426e+00
4.940000000000001279e+00
4.899999999999998579e+00
4.859999999999999432e+00
4.820000000000000284e+00
4.780000000000001137e+00
4.739999999999998437e+00
4.699999999999999289e+00
4.660000000000000142e+00
4.620000000000000995e+00
4.580000000000001847e+00
4.539999999999999147e+00
4.500000000000000000e+00
4.460000000000000853e+00
4.420000000000001705e+00
4.379999999999999005e+00
4.339999999999999858e+00
4.300000000000000711e+00
4.260000000000001563e+00
4.219999999999998863e+00
4.179999999999999716e+00
4.140000000000000568e+00
4.100000000000001421e+00
4.059999999999998721e+00
4.019999999999999574e+00
3.980000000000000426e+00
3.940000000000001279e+00
3.899999999999998579e+00
3.859999999999999432e+00
3.820000000000000284e+00
3.780000000000001137e+00
3.739999999999998437e+00
3.699999999999999289e+00
3.660000000000000142e+00
3.620000000000000995e+00
3.579999999999998295e+00
3.539999999999999147e+00
3.500000000000000000e+00
3.460000000000000853e+00
3.420000000000001705e+00
3.379999999999999005e+00
3.339999999999999858e+00
3.300000000000000711e+00
3.260000000000001563e+00
3.219999999999998863e+00
3.179999999999999716e+00
3.140000000000000568e+00
3.100000000000001421e+00
3.059999999999998721e+00
3.019999999999999574e+00
2.980000000000000426e+00
2.940000000000001279e+00
2.899999999999998579e+00
2.859999999999999432e+00
2.820000000000000284e+00
2.780000000000001137e+00
2.739999999999998437e+00
2.699999999999999289e+00
2.660000000000000142e+00
2.620000000000000995e+00
2.579999999999998295e+00
2.539999999999999147e+00
2.500000000000000000e+00
2.460000000000000853e+00
2.420000000000001705e+00
2.379999999999999005e+00
2.339999999999999858e+00
2.300000000000000711e+00
2.260000000000001563e+00
2.219999999999998863e+00
2.179999999999999716e+00
2.140000000000000568e+00
2.100000000000001421e+00
2.059999999999998721e+00
2.019999999999999574e+00
1.980000000000000426e+00
1.940000000000001279e+00
1.899999999999998579e+00
1.859999999999999432e+00
1.820000000000000284e+00
1.780000000000001137e+00
1.739999999999998437e+00
1.699999999999999289e+00
1.660000000000000142e+00
1.620000000000000995e+00
1.579999999999998295e+00
1.539999999999999147e+00
1.500000000000000000e+00
1.460000000000000853e+00
1.420000000000001705e+00
1.379999999999999005e+00
1.339999999999999858e+00
1.300000000000000711e+00
1.260000000000001563e+00
1.219999999999998863e+00
1.179999999999999716e+00
1.140000000000000568e+00
1.100000000000001421e+00
1.059999999999998721e+00
1.019999999999999574e+00
9.800000000000004263e-01
9.400000000000012790e-01
8.999999999999985789e-01
8.599999999999994316e-01
8.200000000000002842e-01
7.800000000000011369e-01
7.399999999999984368e-01
6.999999999999992895e-01
6.600000000000001421e-01
6.200000000000009948e-01
5.799999999999982947e-01
5.399999999999991473e-01
5.000000000000000000e-01
4.600000000000008527e-01
4.200000000000017053e-01
3.799999999999990052e-01
3.399999999999998579e-01
3.000000000000007105e-01
2.600000000000015632e-01
2.199999999999988631e-01
1.799999999999997158e-01
1.400000000000005684e-01
1.000000000000014211e-01
5.999999999999872102e-02
1.999999999999957367e-02
-1.999999999999957367e-02
-5.999999999999872102e-02
-1.000000000000014211e-01
-1.400000000000005684e-01
-1.799999999999997158e-01
-2.199999999999988631e-01
-2.600000000000015632e-01
-3.000000000000007105e-01
-3.399999999999998579e-01
-3.799999999999990052e-01
-4.200000000000017053e-01
-4.600000000000008527e-01
-5.000000000000000000e-01
-5.399999999999991473e-01
-5.799999999999982947e-01
-6.200000000000009948e-01
-6.600000000000001421e-01
-6.999999999999992895e-01
-7.399999999999984368e-01
-7.800000000000011369e-01
-8.200000000000002842e-01
-8.599999999999994316e-01
-8.999999999999985789e-01
-9.400000000000012790e-01
-9.800000000000004263e-01
-1.019999999999999574e+00
-1.059999999999998721e+00
-1.100000000000001421e+00
-1.140000000000000568e+00
-1.179999999999999716e+00
-1.219999999999998863e+00
-1.260000000000001563e+00
-1.300000000000000711e+00
-1.339999999999999858e+00
-1.379999999999999005e+00
-1.420000000000001705e+00
-1.460000000000000853e+00
-1.500000000000000000e+00
-1.539999999999999147e+00
-1.579999999999998295e+00
-1.620000000000000995e+00
-1.660000000000000142e+00
-1.699999999999999289e+00
-1.739999999999998437e+00
-1.780000000000001137e+00
-1.820000000000000284e+00
-1.859999999999999432e+00
-1.899999999999998579e+00
-1.940000000000001279e+00
-1.980000000000000426e+00
-2.019999999999999574e+00
-2.059999999999998721e+00
-2.100000000000001421e+00
-2.140000000000000568e+00
-2.179999999999999716e+00
-2.219999999999998863e+00
-2.260000000000001563e+00
-2.300000000000000711e+00
-2.339999999999999858e+00
-2.379999999999999005e+00
-2.420000000000001705e+00
-2.460000000000000853e+00
-2.500000000000000000e+00
-2.539999999999999147e+00
-2.579999999999998295e+00
-2.620000000000000995e+00
-2.660000000000000142e+00
-2.699999999999999289e+00
-2.739999999999998437e+00
-2.780000000000001137e+00
-2.820000000000000284e+00
-2.859999999999999432e+00
-2.899999999999998579e+00
-2.940000000000001279e+00
-2.980000000000000426e+00
-3.019999999999999574e+00
-3.059999999999998721e+00
-3.100000000000001421e+00
-3.140000000000000568e+00
-3.179999999999999716e+00
-3.219999999999998863e+00
-3.260000000000001563e+00
-3.300000000000000711e+00
-3.339999999999999858e+00
-3.379999999999999005e+00
-3.420000000000001705e+00
-3.460000000000000853e+00
-3.500000000000000000e+00
-3.539999999999999147e+00
-3.580000000000001847e+00
-3.620000000000000995e+00
-3.660000000000000142e+00
-3.699999999999999289e+00
-3.739999999999998437e+00
-3.780000000000001137e+00
-3.820000000000000284e+00
-3.859999999999999432e+00
-3.899999999999998579e+00
-3.940000000000001279e+00
-3.980000000000000426e+00
-4.019999999999999574e+00
-4.060000000000000497e+00
-4.099999999999999645e+00
-4.140000000000000568e+00
-4.179999999999999716e+00
-4.220000000000000639e+00
-4.259999999999999787e+00
-4.300000000000000711e+00
-4.339999999999999858e+00
-4.380000000000000782e+00
-4.419999999999999929e+00
-4.460000000000000853e+00
-4.500000000000000000e+00
-4.540000000000000924e+00
-4.580000000000000071e+00
-4.620000000000000995e+00
-4.660000000000000142e+00
-4.699999999999999289e+00
-4.740000000000000213e+00
-4.779999999999999361e+00
-4.820000000000000284e+00
-4.859999999999999432e+00
-4.900000000000000355e+00
-4.939999999999999503e+00
-4.980000000000000426e+00
-5.019999999999999574e+00
-5.060000000000000497e+00
-5.099999999999999645e+00
-5.140000000000000568e+00
-5.179999999999999716e+00
-5.220000000000000639e+00
-5.259999999999999787e+00
-5.300000000000000711e+00
-5.339999999999999858e+00
-5.380000000000000782e+00
-5.419999999999999929e+00
-5.460000000000000853e+00
-5.500000000000000000e+00
-5.540000000000000924e+00
-5.580000000000000071e+00
-5.620000000000000995e+00
-5.660000000000000142e+00
-5.699999999999999289e+00
-5.740000000000000213e+00
-5.779999999999999361e+00
-5.820000000000000284e+00
-5.859999999999999432e+00
-5.900000000000000355e+00
-5.939999999999999503e+00
-5.980000000000000426e+00
-6.019999999999999574e+00
-6.060000000000000497e+00
-6.099999999999999645e+00
-6.140000000000000568e+00
-6.179999999999999716e+00
-6.220000000000000639e+00
-6.259999999999999787e+00
-6.300000000000000711e+00
-6.339999999999999858e+00
-6.380000000000000782e+00
-6.419999999999999929e+00
-6.460000000000000853e+00
-6.500000000000000000e+00
-6.540000000000000924e+00
-6.580000000000000071e+00
-6.620000000000000995e+00
-6.660000000000000142e+00
-6.699999999999999289e+00
-6.740000000000000213e+00
-6.779999999999999361e+00
-6.820000000000000284e+00
-6.859999999999999432e+00
-6.900000000000000355e+00
-6.939999999999999503e+00
-6.980000000000000426e+00
-7.019999999999999574e+00
-7.060000000000000497e+00
-7.099999999999999645e+00
-7.140000000000000568e+00
-7.179999999999999716e+00
-7.220000000000000639e+00
-7.259999999999999787e+00
-7.300000000000000711e+00
-7.339999999999999858e+00
-7.380000000000000782e+00
-7.419999999999999929e+00
-7.460000000000000853e+00
-7.500000000000000000e+00
-7.540000000000000924e+00
-7.580000000000000071e+00
-7.620000000000000995e+00
-7.660000000000000142e+00
-7.699999999999999289e+00
-7.740000000000000213e+00
-7.779999999999999361e+00
-7.820000000000000284e+00
-7.859999999999999432e+00
-7.900000000000000355e+00
-7.939999999999999503e+00
-7.980000000000000426e+00
-8.019999999999999574e+00
-8.060000000000000497e+00
-8.099999999999999645e+00
-8.140000000000000568e+00
-8.179999999999999716e+00
-8.220000000000000639e+00
-8.259999999999999787e+00
-8.300000000000000711e+00
-8.339999999999999858e+00
-8.380000000000000782e+00
-8.419999999999999929e+00
-8.460000000000000853e+00
-8.500000000000000000e+00
-8.540000000000000924e+00
-8.580000000000000071e+00
-8.620000000000000995e+00
-8.660000000000000142e+00
-8.700000000000001066e+00
-8.740000000000000213e+00
-8.779999999999999361e+00
-8.820000000000000284e+00
-8.859999999999999432e+00
-8.900000000000000355e+00
-8.939999999999999503e+00
-8.980000000000000426e+00
-9.019999999999999574e+00
-9.060000000000000497e+00
-9.099999999999999645e+00
-9.140000000000000568e+00
-9.179999999999999716e+00
-9.220000000000000639e+00
-9.259999999999999787e+00
-9.300000000000000711e+00
-9.339999999999999858e+00
-9.380000000000000782e+00
-9.419999999999999929e+00
-9.460000000000000853e+00
-9.500000000000000000e+00
-9.540000000000000924e+00
-9.580000000000000071e+00
-9.620000000000000995e+00
-9.660000000000000142e+00
-9.700000000000001066e+00
-9.740000000000000213e+00
-9.779999999999999361e+00
-9.820000000000000284e+00
-9.859999999999999432e+00
-9.900000000000000355e+00
-9.939999999999999503e+00
-9.980000000000000426e+00
-1.001999999999999957e+01
-1.006000000000000050e+01
-1.009999999999999964e+01
-1.014000000000000057e+01
-1.017999999999999972e+01
-1.022000000000000064e+01
-1.025999999999999979e+01
-1.030000000000000071e+01
-1.033999999999999986e+01
-1.038000000000000078e+01
-1.041999999999999993e+01
-1.046000000000000085e+01
-1.050000000000000000e+01
-1.054000000000000092e+01
-1.058000000000000007e+01
-1.062000000000000099e+01
-1.066000000000000014e+01
-1.070000000000000107e+01
-1.074000000000000021e+01
-1.077999999999999936e+01
-1.082000000000000028e+01
-1.085999999999999943e+01
-1.090000000000000036e+01
-1.093999999999999950e+01
-1.098000000000000043e+01
-1.101999999999999957e+01
-1.106000000000000050e+01
-1.109999999999999964e+01
-1.114000000000000057e+01
-1.117999999999999972e+01
-1.122000000000000064e+01
-1.125999999999999979e+01
-1.130000000000000071e+01
-1.133999999999999986e+01
-1.138000000000000078e+01
-1.141999999999999993e+01
-1.146000000000000085e+01
-1.150000000000000000e+01
-1.154000000000000092e+01
-1.158000000000000007e+01
-1.162000000000000099e+01
-1.166000000000000014e+01
-1.170000000000000107e+01
-1.174000000000000021e+01
-1.178000000000000114e+01
-1.182000000000000028e+01
-1.185999999999999943e+01
-1.190000000000000036e+01
-1.193999999999999950e+01
-1.198000000000000043e+01
-1.201999999999999957e+01
-1.206000000000000050e+01
-1.210000000000000142e+01
-1.214000000000000057e+01
-1.217999999999999972e+01
-1.222000000000000064e+01
-1.226000000000000156e+01
-1.230000000000000071e+01
-1.233999999999999986e+01
-1.237999999999999901e+01
-1.241999999999999993e+01
-1.246000000000000085e+01
-1.250000000000000000e+01
-1.253999999999999915e+01
-1.258000000000000007e+01
-1.262000000000000099e+01
-1.266000000000000014e+01
-1.269999999999999929e+01
-1.274000000000000021e+01
-1.278000000000000114e+01
-1.282000000000000028e+01
-1.285999999999999943e+01
-1.290000000000000036e+01
-1.294000000000000128e+01
-1.298000000000000043e+01
-1.301999999999999957e+01
-1.306000000000000050e+01
-1.310000000000000142e+01
-1.314000000000000057e+01
-1.317999999999999972e+01
-1.322000000000000064e+01
-1.326000000000000156e+01
-1.330000000000000071e+01
-1.333999999999999986e+01
-1.337999999999999901e+01
-1.341999999999999993e+01
-1.346000000000000085e+01
-1.350000000000000000e+01
-1.353999999999999915e+01
-1.358000000000000007e+01
-1.362000000000000099e+01
-1.366000000000000014e+01
-1.369999999999999929e+01
-1.374000000000000021e+01
-1.378000000000000114e+01
-1.382000000000000028e+01
-1.385999999999999943e+01
-1.390000000000000036e+01
-1.394000000000000128e+01
-1.398000000000000043e+01
-1.401999999999999957e+01
-1.406000000000000050e+01
-1.410000000000000142e+01
-1.414000000000000057e+01
-1.417999999999999972e+01
-1.422000000000000064e+01
-1.426000000000000156e+01
-1.430000000000000071e+01
-1.433999999999999986e+01
-1.437999999999999901e+01
-1.441999999999999993e+01
-1.446000000000000085e+01
-1.450000000000000000e+01
-1.453999999999999915e+01
-1.458000000000000007e+01
-1.462000000000000099e+01
-1.466000000000000014e+01
-1.469999999999999929e+01
-1.474000000000000021e+01
-1.478000000000000114e+01
-1.482000000000000028e+01
-1.485999999999999943e+01
-1.490000000000000036e+01
-1.494000000000000128e+01
-1.498000000000000043e+01
-1.501999999999999957e+01
-1.506000000000000050e+01
-1.510000000000000142e+01
-1.514000000000000057e+01
-1.517999999999999972e+01
-1.522000000000000064e+01
-1.526000000000000156e+01
-1.530000000000000071e+01
-1.533999999999999986e+01
-1.537999999999999901e+01
-1.541999999999999993e+01
-1.546000000000000085e+01
-1.550000000000000000e+01
-1.553999999999999915e+01
-1.558000000000000007e+01
-1.562000000000000099e+01
-1.566000000000000014e+01
-1.569999999999999929e+01
-1.574000000000000021e+01
-1.578000000000000114e+01
-1.582000000000000028e+01
-1.585999999999999943e+01
-1.590000000000000036e+01
-1.594000000000000128e+01
-1.598000000000000043e+01
-1.601999999999999957e+01
-1.606000000000000227e+01
-1.610000000000000142e+01
-1.614000000000000057e+01
-1.617999999999999972e+01
-1.621999999999999886e+01
-1.626000000000000156e+01
-1.630000000000000071e+01
-1.633999999999999986e+01
-1.637999999999999901e+01
-1.642000000000000171e+01
-1.646000000000000085e+01
-1.650000000000000000e+01
-1.653999999999999915e+01
-1.658000000000000185e+01
-1.662000000000000099e+01
-1.666000000000000014e+01
-1.669999999999999929e+01
-1.674000000000000199e+01
-1.678000000000000114e+01
-1.682000000000000028e+01
-1.685999999999999943e+01
-1.689999999999999858e+01
-1.694000000000000128e+01
-1.698000000000000043e+01
-1.701999999999999957e+01
-1.706000000000000227e+01
-1.710000000000000142e+01
-1.714000000000000057e+01
-1.717999999999999972e+01
-1.721999999999999886e+01
-1.726000000000000156e+01
-1.730000000000000071e+01
-1.733999999999999986e+01
-1.737999999999999901e+01
-1.742000000000000171e+01
-1.746000000000000085e+01
-1.750000000000000000e+01
-1.753999999999999915e+01
-1.758000000000000185e+01
-1.762000000000000099e+01
-1.766000000000000014e+01
-1.769999999999999929e+01
-1.774000000000000199e+01
-1.778000000000000114e+01
-1.782000000000000028e+01
-1.785999999999999943e+01
-1.789999999999999858e+01
-1.794000000000000128e+01
-1.798000000000000043e+01
-1.801999999999999957e+01
-1.806000000000000227e+01
-1.810000000000000142e+01
-1.814000000000000057e+01
-1.817999999999999972e+01
-1.821999999999999886e+01
-1.826000000000000156e+01
-1.830000000000000071e+01
-1.833999999999999986e+01
-1.837999999999999901e+01
-1.842000000000000171e+01
-1.846000000000000085e+01
-1.850000000000000000e+01
-1.853999999999999915e+01
-1.858000000000000185e+01
-1.862000000000000099e+01
-1.866000000000000014e+01
-1.869999999999999929e+01
-1.874000000000000199e+01
-1.878000000000000114e+01
-1.882000000000000028e+01
-1.885999999999999943e+01
-1.889999999999999858e+01
-1.894000000000000128e+01
-1.898000000000000043e+01
-1.901999999999999957e+01
-1.905999999999999872e+01
-1.910000000000000142e+01
-1.914000000000000057e+01
-1.917999999999999972e+01
-1.921999999999999886e+01
-1.926000000000000156e+01
-1.930000000000000071e+01
-1.933999999999999986e+01
-1.937999999999999901e+01
-1.942000000000000171e+01
-1.946000000000000085e+01
-1.950000000000000000e+01
-1.953999999999999915e+01
-1.958000000000000185e+01
-1.962000000000000099e+01
-1.966000000000000014e+01
-1.969999999999999929e+01
-1.974000000000000199e+01
-1.978000000000000114e+01
-1.982000000000000028e+01
-1.985999999999999943e+01
-1.990000000000000213e+01
-1.994000000000000128e+01
-1.998000000000000043e+01
